0011111111111111110012221221222212212221
0221221212212122122012111111122111111121
1211121112211121112112122212122121222121
1112111211112111211111112211111111221111
1211221112211122112112211112122121111221
1221111212212111122112112211122111221121
1111221111111122111111121112111121112111
1212221212212122212112111211122111211121
1211111112211111112102212212122121221220
1222122122221221222100111111111111111100
0011122111111221110012221221222212212221
0212111122221111212011221111122111112211
1111122112211221111121111212122121211112
2212111211112111212211212111111111121211
1112221112211122211112211121222212111221
1221112122221211122111122211122111222111
1121211111111112121122121112111121112122
2111121212212121111211111221122112211111
1122111112211111221102121111222211112120
1222122122221221222100111221111112211100
0012111211112111210012221221222212212221
0212121112211121212011121111222211112111
1111122122221221111112121212222221212121
2121211111111112121212111211111111211121
2111112212212211111211222112122121122211
1122211212212112221121111122122122111112
1211121111111121112121212111111111121212
1212121222222121212111111221222212211111
1112111122221111211102121211122111212120
1222122122221221222100121112111121112100